00000000032220000000
00000000022220000000
00000000022220000000
00000001022222200000
32222222222222210000
22222222222222200000
22222222000022222222
01000022000022222223
00000022100122222000
00000022000022222000
00000022000022000000
00000022000022000000
00000022000022100000
00001022000022000000
22222222000022000000
22222222000022000000
32222222000022000000
00000022100122000000
00000022000022100000
00000022000022222223
00000022222222222222
00010022222222222222
02222222222220010000
02222222222221000000
00000010022220000000
00000000022220000000
00000000022220000000
00000000032220000000